01100111111111111110011001111111
11000101111101010110011001010101
11111100111111001100110011001100
00010001000000010000000000010001
11110101111110100101010101011010
01111101010110001111111111011000
00111100001100001100110011000000
11101001111010001001100110011000
01000001101001000000000000011011
11101001100001001010101010010001
11001111000011001111111111110000
00101100001000001101110111000001
11011010100010000101101001010010
01011010101010001101100011110000
00000011110000001111001111110000
11011011010010001010101110100000
01100101100110000001101111111100
11000111001100001001000111110100
11111111110000001100001100001100
00010010110100001111001011110000
11110111000011111010110111111000
01111111001001011010010101011000
00111111110011000000111111000000
11101010110000011000001000011000
01000011111001011010011001011000
11101011011011010010110011010000
11001100000000110000000000110000
00101111110011000000111011000000
11011000010100101101000011010000
01011000111100100111001001110000
00000000000000111100000011110000
11011000010100110001000000100000
