11101001000100000111111110000000
01000001000100000101010100000000
00010010110100001100110000000000
11010001111000000011001100000000
10110101010100011111111000000000
10010111011100011111111000000000
01111100001100100110010000000000
01000011110000011001100000000000
11111010101101010000010100000000
01111010101101111010110100000000
00001110001111011100000100000000
11111110000000101100111000000000
10100011011010010001100100000001
10100001011010110001101100000001
01100110010110010100111100000010
01100101100110100111110000000001
11101000001110001011011100000101
01000010100100100011011100000111
00010011000000110011111100001101
11010011001100110000000000000010
10110100001001010010101100011001
10010100001001010010101100011011
01111101100011110001101100101001
01000001100000000001100000011010
11111011100011100111101101001001
01111001000011100101001101100011
00001111111100101100001111110001
11111100111111100011000000110010
10100010000010111110001011010001
10100010000010011110001011010011
01100111111111100100000101110001
01100111111111011000000110000010
