10010100111100000010011001000000
00100000100010000010101010000000
01010100000000000001010101000000
10001010100010000010000000100000
11010000101101000010011001000000
01000000111100000011001100000000
00101111101101000010100110110000
11001000110100100011100110100000
10000000111100000011001100000000
00111111011100000011010011111000
01001100110000110011110011110000
10011111011100000011010011111000
11000000101100000011011100000100
01011001011010011011001100000000
00110000101100000011011100000100
11011001010010011011000100000010
10010101101001010111001100000000
00100001011010011011001100000000
01010101100101010111000000000011
10001011110000110001001100000000
11010001101001010111001100000000
01000001011100011011001010000001
00101110010110101000001100000000
11001001110110110001001010000001
10000001101100010111001001000001
00111110100011100100101010000001
01001101010011101000001001000001
10011110001011101110101000100001
11000001101100010111011001000001
01011000111100011011001010000001
00110001010000011000011010110001
11011000010100010001000000100001
