11011000010100000000100010000000
10000000101000000010001000000000
00101111110011111110000111111111
11010000111100000010001000000000
11001010010010101000001010101010
10101010001010101000001010101010
01111100011100110000110000110011
01000000010000000000000000000000
00110001101110111000100110111011
00101000001000100000100000100010
00011110111011010000111011010010
00010001000100010000000100010001
00001100101010000000110010000010
00001010101010000000101010000010
00000111110000001111011111110011
00000100000000000000010000000000
00000011000110001010001100100011
00000010100000001010001010100010
00000001111011110011111000111101
00000001000100000000000100000001
00000000110010100100101001001000
00000000101010100010101000101000
00000000011111000111001101110000
00000000010000000100000001000000
00000000001100011011101110111000
00000000001010000010001000100000
00000000000111101110110100010000
00000000000100010001000100010000
00000000000011001010100000000000
00000000000010101010100000000000
00000000000001111100000011110000
00000000000001000000000000000000
