10101010101010101010101010101010
01100110011001100110011001100110
00100010001000100010001000100010
00011110000111100001111000011110
00001010000010100000101000001010
00000110000001100000011000000110
00000010000000100000001000000010
00000001111111100000000111111110
00000000101010100000000010101010
00000000011001100000000001100110
00000000001000100000000000100010
00000000000111100000000000011110
00000000000010100000000000001010
00000000000001100000000000000110
00000000000000100000000000000010
00000000000000011111111111111110
00000000000000001010101010101010
00000000000000000110011001100110
00000000000000000010001000100010
00000000000000000001111000011110
00000000000000000000101000001010
00000000000000000000011000000110
00000000000000000000001000000010
00000000000000000000000111111110
00000000000000000000000010101010
00000000000000000000000001100110
00000000000000000000000000100010
00000000000000000000000000011110
00000000000000000000000000001010
00000000000000000000000000000110
00000000000000000000000000000010
00000000000000000000000000000001
