11011011011011011011011011011011
01101101101101101101101101101101
00101000101000101000101000101000
00010100010100010100010100010100
00001110111000001110111000001110
00000111011100000111011100000111
00000010001000000010001000000010
00000001000100000001000100000001
00000000110101101101011000000000
00000000011010110110101100000000
00000000001010100010101000000000
00000000000101010001010100000000
00000000000011100000111000000000
00000000000001110000011100000000
00000000000000100000001000000000
00000000000000010000000100000000
00000000000000001101101110110110
00000000000000000110110111011011
00000000000000000010100010001010
00000000000000000001010001000101
00000000000000000000111011101110
00000000000000000000011101110111
00000000000000000000001000100010
00000000000000000000000100010001
00000000000000000000000011010110
00000000000000000000000001101011
00000000000000000000000000101010
00000000000000000000000000010101
00000000000000000000000000001110
00000000000000000000000000000111
00000000000000000000000000000010
00000000000000000000000000000001
