10101010101010101010101010101010
11001100110011001100110011001100
10001000100010001000100010001000
10110100101101001011010010110100
10100000101000001010000010100000
10101100101011001010110010101100
10101000101010001010100010101000
10101011010101001010101101010100
10101010000000001010101000000000
10101010110011001010101011001100
10101010100010001010101010001000
10101010101101001010101010110100
10101010101000001010101010100000
10101010101011001010101010101100
10101010101010001010101010101000
10101010101010110101010101010100
10101010101010100000000000000000
10101010101010101100110011001100
10101010101010101000100010001000
10101010101010101011010010110100
10101010101010101010000010100000
10101010101010101010110010101100
10101010101010101010100010101000
10101010101010101010101101010100
10101010101010101010101000000000
10101010101010101010101011001100
10101010101010101010101010001000
10101010101010101010101010110100
10101010101010101010101010100000
10101010101010101010101010101100
10101010101010101010101010101000
10101010101010101010101010101011
